      DATE         TIME     LAT.   LONG.  DEPTH    MAGNITUDE
                   (GMT)    (N)    (E)    (km)       (Local)
 1964 OCT  6   14 31 22.0   39.75   28.00    0         7.0
 1979 APR 15   06 19 42.0   42.00   19.00    0         6.8
 1968 FEB 19   22 45 39.0   39.50   24.80    0         6.7
 1967 NOV 30   07 23 49.0   41.40   20.50    0         6.6
 1969 MAR 28   01 48 28.0   38.60   28.50    0         6.6
 1983 AUG  6   15 43 53.3   40.08   24.81   22         6.6
 2008 JUN  8   12 25 27.9   37.98   21.51   25         6.5
 1982 JAN 18   19 27 23.0   39.90   24.50    0         6.4
 2006 JAN  8   11 34 54.0   36.21   23.41   69         6.4
 1981 FEB 24   20 53 36.0   38.14   23.00    0         6.3
 1981 DEC 19   14 10 49.0   39.20   25.30    0         6.3
 2014 MAY 24   09 25  1.0   40.29   25.40   28         6.3
 1983 JAN 17   12 41 30.9   37.97   20.25    9         6.2
 2008 FEB 14   10 09 23.4   36.50   21.78   41         6.2
 2008 JUL 15   03 26 34.5   35.85   27.92   56         6.2
 2011 APR  1   13 29 10.5   35.64   26.56   63         6.2
 2013 OCT 12   13 11 53.0   35.50   23.28   65         6.2
 2017 JUL 20   22 31 11.7   36.96   27.43   10         6.2
 1968 DEC  5   07 52  5.0   36.60   27.10    0         6.1
 1972 MAY  4   21 40  5.0   35.30   23.60   50         6.1
 1995 MAY 13   08 47 17.0   40.18   21.71   39         6.1
 1996 JUL 20   00 00 39.8   36.11   27.52   38         6.1
 1997 NOV 18   13 07 36.9   37.26   20.49    5         6.1
 2002 JAN 22   04 53 54.3   35.56   26.73  104         6.1
 2008 JAN  6   05 14 19.3   37.11   22.78   86         6.1
 2008 FEB 14   12 08 55.2   36.22   21.75   38         6.1
 2015 APR 16   18 07 44.9   35.23   26.82   37         6.1
 2017 JUN 12   12 28 38.2   38.84   26.36   12         6.1
 1966 SEP  1   14 22 57.0   37.50   22.30    0         6.0
 1966 OCT 29   02 39 25.8   38.80   21.00    0         6.0
 1969 JAN 14   23 12  9.0   36.20   28.90    0         6.0
 1978 JUN 20   20 03 21.0   40.80   23.30   33         6.0
 1980 JUL  9   02 11 54.0   39.20   23.90    0         6.0
 1981 DEC 27   17 39 12.0   38.90   24.90    0         6.0
 2004 MAR 17   05 20 58.2   34.46   23.26   24         6.0
 2008 FEB 20   18 27  4.9   36.18   21.72   25         6.0
 2015 NOV 17   07 10  7.3   38.67   20.60   11         6.0
 1964 OCT 17   09 50 27.0   35.00   25.50    0         5.9
 1965 DEC 20   00 08 11.6   40.10   24.80    0         5.9
 1966 FEB  5   02 01 42.8   39.10   21.60    0         5.9
 1977 SEP 11   23 19 22.0   35.00   23.10    0         5.9
 1983 JUL  5   12 01 30.7   40.27   27.13   35         5.9
 1984 JUN 21   10 43 46.2   35.36   23.31   46         5.9
 1994 SEP  1   16 12 41.6   41.15   21.26    5         5.9
 2003 AUG 14   05 14 53.9   38.79   20.56   12         5.9
 1964 APR 29   04 21  0.0   39.25   23.75    0         5.8
 1964 JUL 17   02 34 28.0   38.00   23.50  150         5.8
 1969 MAR 23   21 08 41.0   39.00   28.50    0         5.8
 1972 SEP 17   14 07 14.0   38.20   20.40    0         5.8
 1981 MAR  4   21 58  4.0   38.30   23.20    0         5.8
 1992 NOV 21   05 07 19.0   35.51   22.38   93         5.8
 2009 JUL  1   09 30 13.3   34.35   25.40   30         5.8
 2012 JUN 10   12 44 16.6   36.42   28.88   35         5.8
 2013 JAN  8   14 16  8.3   39.67   25.56   31         5.8
 2013 JUN 15   16 11  1.2   34.34   25.06   32         5.8
 2014 JAN 26   13 55 43.0   38.22   20.53   16         5.8
 1964 APR 11   16 00  0.0   39.75   25.25    0         5.7
 1969 JUL  8   08 09 14.0   37.60   20.10    0         5.7
 1975 MAR 27   05 15  6.0   40.40   26.10    0         5.7
 1982 JUN 22   03 04 26.0   37.10   21.20    0         5.7
 1982 AUG 17   22 22 25.0   34.00   22.90    0         5.7
 1983 MAR 23   23 51  7.6   38.19   20.40   10         5.7
 1992 NOV  6   19 08  8.4   38.09   27.19   39         5.7
 2005 JAN 31   01 05 29.1   37.41   20.11   16         5.7
 2014 FEB  3   03 08 44.6   38.25   20.40   11         5.7
 2014 AUG 29   03 45  5.6   36.67   23.67   97         5.7
 1968 MAR 28   07 40  0.0   37.80   20.90    0         5.6
 1968 MAY 30   17 40 26.0   35.30   27.90  100         5.6
 1968 OCT 31   03 22 14.0   36.70   27.10    0         5.6
 1969 JUN 12   15 13 13.1   34.50   25.00    0         5.6
 1969 OCT 13   01 02 32.0   39.60   20.70    0         5.6
 1976 JUN 12   00 59 18.0   37.30   20.40    7         5.6
 1980 MAY 16   00 37 25.0   35.70   27.40    0         5.6
 1980 JUL  9   02 35 50.0   39.20   22.70    0         5.6
 1992 APR 30   11 44 40.5   35.22   26.75    1         5.6
 1994 MAY 23   06 46 16.3   35.40   24.73   81         5.6
 1994 MAY 24   02 05 37.6   38.71   26.32   12         5.6
 1995 JUN 15   00 15 51.0   38.37   22.15   26         5.6
 1997 OCT 13   13 39 39.2   36.41   22.18    6         5.6
 1997 NOV 18   13 13 48.3   37.36   20.65    5         5.6
 2005 OCT 18   15 25 59.5   37.58   20.86   22         5.6
 2005 OCT 20   21 40  3.5   38.15   26.63   25         5.6
 2008 OCT 14   02 06 34.7   38.85   23.62   24         5.6
 2009 NOV  3   05 25  9.3   37.39   20.35   39         5.6
 2013 JUN 16   21 39  4.6   34.28   25.13   28         5.6
 1966 MAY  4   06 36 50.2   39.30   21.30    0         5.5
 1969 APR  3   22 12 20.0   40.50   19.90    0         5.5
 1969 APR  6   03 49 30.0   38.40   26.80    0         5.5
 1973 NOV 29   10 57 42.0   35.20   23.60    0         5.5
 1979 JUN 14   11 44 44.0   38.70   26.60    0         5.5
 1981 JUN 28   17 20 21.0   37.90   20.10    0         5.5
 1983 JAN 19   00 02 15.5   38.05   20.41    6         5.5
 1986 SEP 13   17 24 33.8   37.10   22.19    1         5.5
 1988 OCT 16   12 34  5.4   37.90   20.96    4         5.5
 1990 JUN 16   02 16 20.4   39.13   20.38   38         5.5
 1997 MAY 16   07 00 49.7   41.02   20.33    5         5.5
 1998 APR 29   03 30 37.1   35.99   21.98    5         5.5
 2005 OCT 17   05 45 18.3   38.13   26.59   29         5.5
 2007 MAR 25   13 57 58.2   38.34   20.42   15         5.5
 2008 JUN 21   11 36 22.8   36.03   21.83   12         5.5
 2009 FEB 16   23 16 38.5   37.13   20.78   15         5.5
 2012 SEP 12   03 27 43.6   34.71   24.02   26         5.5
 2014 APR  4   20 08  7.4   37.20   23.73  113         5.5
 2016 MAY 25   08 36 15.7   35.04   26.29   20         5.5
 1964 JUL 18   03 40 11.0   35.50   25.50    0         5.4
 1965 NOV 28   05 26  2.0   35.90   27.90    0         5.4
 1966 MAY  9   00 42 55.3   34.50   26.50    0         5.4
 1968 MAR 28   16 37 50.0   39.25   20.50    0         5.4
 1970 APR  8   13 50 28.0   38.30   22.60    0         5.4
 1970 APR 23   09 01 23.0   39.20   28.70    0         5.4
 1972 SEP 13   04 13 23.0   37.80   22.40   40         5.4
 1973 NOV  4   15 52 14.0   38.78   20.55    0         5.4
 1975 JUN 30   13 26 55.0   38.40   21.70    0         5.4
 1978 JAN 29   10 23 42.0   34.90   25.70    0         5.4
 1978 MAY 23   23 34 11.0   40.70   23.30   33         5.4
 1979 MAY 15   06 59 21.0   34.60   24.50    0         5.4
 1981 DEC 29   08 00 41.0   38.70   24.80    0         5.4
 1983 OCT 10   10 16 57.9   40.44   25.43    8         5.4
 1987 FEB 27   23 34 54.1   38.37   20.42    1         5.4
 1989 AUG 20   18 32 30.0   37.24   21.12    1         5.4
 1990 DEC 21   06 57 43.3   40.95   22.43    1         5.4
 1993 JUN 13   23 26 40.0   39.25   20.57    5         5.4
 1994 JAN 11   07 22 53.3   35.84   21.95   40         5.4
 1997 NOV 14   21 38 52.7   38.80   25.87   25         5.4
 1998 SEP 30   23 42 59.3   41.93   20.57   32         5.4
 1999 SEP  7   11 56 50.5   38.15   23.62   30         5.4
 2003 JUL  6   19 10 28.0   40.41   26.09   33         5.4
 2004 AUG  4   03 01  7.6   36.92   27.70   20         5.4
 2004 NOV 23   02 26 12.5   40.35   20.60   11         5.4
 2006 APR 11   17 29 28.4   37.68   20.91   18         5.4
 2006 APR 12   16 52  1.2   37.61   20.95   19         5.4
 2009 JUN 19   14 05  2.3   35.46   28.31   42         5.4
 2009 SEP  6   21 49 40.1   41.62   20.41   10         5.4
 2010 AUG 22   10 22 58.0   37.24   19.95   24         5.4
 2012 JUN  7   20 54 24.9   40.92   27.93   22         5.4
 2012 JUL  9   13 54 59.6   35.62   28.87   43         5.4
 2015 APR 17   02 05 42.1   35.16   26.74   40         5.4
 2015 JUN  9   21 49 46.7   35.04   26.79   16         5.4
 2016 SEP 27   20 57  5.1   36.33   27.58   89         5.4
 2017 JAN 25   18 50 53.6   35.40   26.45   61         5.4
 1964 FEB 24   23 30 25.0   38.90   23.90    0         5.3
 1964 OCT  6   14 29 57.0   39.75   28.00    0         5.3
 1965 JAN  7   10 22 17.0   36.50   26.50    0         5.3
 1966 AUG 21   01 30 45.0   40.00   27.40    0         5.3
 1967 JAN  4   05 58 51.2   38.40   21.80    0         5.3
 1967 DEC  2   12 44 38.0   41.40   20.00    0         5.3
 1971 FEB 23   19 41 23.0   39.60   27.20    0         5.3
 1972 SEP 16   03 53 29.0   39.90   20.00    0         5.3
 1977 DEC 16   07 37 28.0   38.30   27.20    0         5.3
 1981 MAR 10   15 16 18.0   39.30   20.80    0         5.3
 1981 JUL  3   21 42 54.0   39.60   20.50    0         5.3
 1982 NOV 16   23 41 27.5   40.54   19.80   49         5.3
 1984 JUN 17   07 48  1.9   38.88   25.99   41         5.3
 1985 APR 30   18 14 12.8   39.24   22.89   13         5.3
 1985 JUL 22   21 32 33.4   34.31   28.35   34         5.3
 1985 NOV 21   21 57 19.7   41.43   19.76    5         5.3
 1986 MAR 29   18 36 39.6   38.37   25.18   16         5.3
 1988 MAY 18   05 17 42.7   38.35   20.47    1         5.3
 1989 MAR 19   05 37  0.2   39.29   23.57   13         5.3
 1991 MAR 19   12 09 28.8   35.13   26.32    1         5.3
 1993 MAR  5   06 55  6.4   37.07   21.46    1         5.3
 1994 JAN 28   15 45 25.0   38.67   27.57    6         5.3
 1994 FEB 25   02 30 49.7   38.73   20.58    5         5.3
 1994 APR 16   23 09 36.4   37.43   20.58   30         5.3
 1996 APR 26   07 01 29.9   36.42   27.99   63         5.3
 2000 MAY 26   01 28 22.0   38.91   20.58    5         5.3
 2001 APR  9   17 38 41.2   40.05   20.44   27         5.3
 2001 JUL 26   00 21 39.3   39.05   24.35   19         5.3
 2002 DEC  2   04 58 56.4   37.80   21.15   17         5.3
 2003 APR 10   00 40 16.5   38.17   26.76   29         5.3
 2003 OCT 17   12 57  8.7   35.96   22.25   37         5.3
 2008 AUG  3   00 39 16.1   39.59   23.90   30         5.3
 2009 NOV 11   09 51  8.4   37.47   20.47   21         5.3
 2012 JAN 26   04 24 58.3   36.06   25.07   29         5.3
 2015 JUN  9   01 09  3.0   38.62   23.39   13         5.3
 2015 JUL 24   09 58 32.7   36.58   26.80  155         5.3
 2016 OCT 15   20 14 49.2   39.79   20.69   17         5.3
 2016 DEC 20   06 03 44.5   36.54   26.93  122         5.3
 2017 JUL 15   20 30 15.7   34.82   25.46    5         5.3
 2017 JUL 31   21 29  9.8   34.14   23.91    8         5.3
 1965 NOV  2   03 27  8.5   39.30   25.30    0         5.2
 1966 FEB  5   02 57 58.1   39.00   21.90    0         5.2
 1968 JUL 27   02 45 48.0   35.40   27.90    0         5.2
 1968 JUL 31   19 29 29.0   35.70   27.90    0         5.2
 1969 APR 30   20 20 27.0   39.10   28.90    0         5.2
 1970 AUG 19   02 01 53.0   40.80   19.90    0         5.2
 1973 JAN  5   05 49 17.0   35.90   21.90    0         5.2
 1975 MAR 17   05 35 14.0   40.40   26.20    0         5.2
 1976 JAN 18   15 10 30.0   38.70   20.40    0         5.2
 1976 MAY 11   17 10  9.0   37.20   20.50    0         5.2
 1977 AUG 18   09 27 43.8   35.30   23.40   50         5.2
 1977 NOV 28   02 59 11.0   36.00   27.50    0         5.2
 1979 JUL 18   13 11 59.0   39.60   28.70    0         5.2
 1981 JUN 24   18 41 26.0   37.80   20.00    0         5.2
 1982 JAN 18   19 31 14.0   39.80   24.20    0         5.2
 1983 MAR 19   21 41 49.2   35.35   25.30   28         5.2
 1983 JUL 14   02 54 21.6   35.80   22.03   18         5.2
 1983 SEP 27   23 59 38.8   36.62   26.97  165         5.2
 1984 OCT  5   20 58 50.3   39.12   25.32   36         5.2
 1985 SEP  7   10 20 49.3   37.24   21.25    5         5.2
 1986 MAR 25   01 41 36.8   38.38   25.13   16         5.2
 1992 NOV 18   21 10 43.1   38.27   22.33   23         5.2
 1993 AUG 26   10 03 53.7   36.66   28.42   17         5.2
 1994 MAY 24   02 18 35.5   38.69   26.37   10         5.2
 1995 JUN 15   00 30 52.9   38.33   21.93    5         5.2
 1996 FEB  1   17 57 56.5   37.72   19.85    1         5.2
 1996 AUG  5   22 46 43.0   40.07   20.67    1         5.2
 1997 JAN 12   12 10 46.0   40.97   19.29    5         5.2
 1997 JUL 27   10 07 52.3   35.28   21.00   40         5.2
 1998 JAN 10   19 21 54.3   37.12   20.73    5         5.2
 1998 OCT  6   12 27 43.3   37.19   21.13    5         5.2
 1998 OCT  8   03 50 17.1   37.79   20.27    5         5.2
 2000 APR  5   04 36 58.8   34.22   25.69   38         5.2
 2000 JUN 13   01 43 18.5   35.12   27.19   37         5.2
 2001 JUN 23   06 52 44.7   35.65   28.40   56         5.2
 2001 SEP 16   02 00 48.5   37.29   21.83    5         5.2
 2002 JUN  6   22 35 43.8   35.65   26.22   93         5.2
 2003 AUG 14   16 18  3.9   38.76   20.67    9         5.2
 2004 OCT  7   01 05 13.3   36.50   26.81  126         5.2
 2005 NOV 25   09 30 56.9   35.02   23.32   32         5.2
 2006 APR  4   22 05  3.3   37.58   20.93   18         5.2
 2006 APR 11   00 02 41.5   37.64   20.92   18         5.2
 2007 JUN 29   18 09 11.2   39.25   20.26   19         5.2
 2008 FEB 26   10 46  5.1   35.96   21.70    5         5.2
 2008 DEC 13   08 27 19.2   38.72   22.57   24         5.2
 2009 JAN 13   06 12 42.9   35.66   26.39   42         5.2
 2010 JAN 18   15 56  9.2   38.41   21.95   20         5.2
 2011 FEB 28   07 49  7.0   34.98   25.42   53         5.2
 2012 JAN 27   01 33 23.4   36.06   25.13   31         5.2
 2012 APR 16   11 23 42.4   36.66   21.54   33         5.2
 2013 AUG  7   09 06 51.9   38.70   22.68    8         5.2
 2014 OCT 24   23 43 15.1   38.92   21.15   12         5.2
 2014 NOV 17   23 05 55.4   38.64   23.40   24         5.2
 2015 DEC 26   11 00 49.8   35.61   27.25   66         5.2
 2016 FEB 15   18 55  0.4   37.59   21.72   24         5.2
 2016 MAR 29   01 05 28.3   37.34   20.06   13         5.2
 2017 FEB  7   02 24  4.6   39.49   26.11   16         5.2
 2017 MAY 27   15 53 23.3   38.76   27.83   24         5.2
 2018 JUN 25   05 14 47.2   36.68   21.37    5         5.2
 1965 MAR 31   12 01  6.0   38.50   21.75    0         5.1
 1967 MAR  4   18 37 57.5   39.20   24.60    0         5.1
 1968 APR 24   08 18  0.0   39.40   24.90    0         5.1
 1968 NOV 12   03 37 35.0   36.80   27.30    0         5.1
 1969 APR  3   23 45 12.0   40.00   19.90    0         5.1
 1969 MAY  1   18 02 12.0   35.30   27.80    0         5.1
 1969 SEP 28   22 54  3.0   34.10   24.90    0         5.1
 1972 OCT 30   14 32 10.0   38.30   20.40    0         5.1
 1973 NOV 12   00 11 46.0   35.60   27.70    0         5.1
 1975 APR  4   05 16 18.0   38.10   22.10    0         5.1
 1975 SEP 16   05 06 22.0   41.30   19.40    0         5.1
 1975 SEP 22   00 45  4.0   35.60   26.50   50         5.1
 1975 NOV 22   10 06  8.0   39.80   20.30    0         5.1
 1975 DEC 31   09 45 44.0   38.50   21.70    0         5.1
 1976 SEP 30   00 32 58.6   37.40   20.30    0         5.1
 1978 MAR  7   22 33 45.0   34.50   25.30    0         5.1
 1978 AUG 18   20 53 21.0   41.80   20.40    0         5.1
 1979 JUN 15   11 34 13.0   34.80   24.10    0         5.1
 1979 JUL 23   11 41 51.0   35.50   26.50   60         5.1
 1979 NOV  6   05 26 13.0   39.50   20.20    0         5.1
 1980 APR 12   11 32 10.0   38.60   20.30    0         5.1
 1981 FEB 25   05 08 13.0   38.20   23.10    0         5.1
 1981 MAR  7   11 34 42.0   38.20   23.30    0         5.1
 1981 JUN  1   08 47 26.0   35.60   26.30    0         5.1
 1981 JUL 12   17 14 38.0   37.80   20.10    0         5.1
 1983 JAN 19   05 41 46.6   37.65   19.78   10         5.1
 1983 FEB 21   00 13  6.7   37.73   20.09    4         5.1
 1983 MAY 13   23 50 28.3   38.35   20.17    5         5.1
 1983 AUG  8   08 09 29.7   40.39   25.51    5         5.1
 1983 SEP  9   17 59 46.2   35.62   27.23   15         5.1
 1984 FEB 11   08 02 51.2   38.32   21.93   24         5.1
 1984 OCT 25   14 38 25.5   40.49   21.32   20         5.1
 1985 APR 21   08 49 41.3   35.65   22.17    7         5.1
 1985 NOV  9   23 30 45.6   41.11   24.05   23         5.1
 1986 DEC 17   21 18 33.1   39.76   19.90    1         5.1
 1987 OCT  5   09 26 59.6   36.29   28.46    6         5.1
 1988 JAN  9   01 02 48.3   41.21   19.66   16         5.1
 1989 APR 28   13 30 19.6   37.05   27.90    1         5.1
 1993 JUL 14   12 31 50.2   38.16   21.76   13         5.1
 1995 MAY 17   04 14 26.3   40.07   21.69    5         5.1
 1998 JUL 16   17 29 16.7   38.66   20.56    5         5.1
 1999 JUN 11   07 50 15.4   37.56   21.11   58         5.1
 2001 MAY 29   04 44  0.5   35.63   27.81    5         5.1
 2001 JUN 10   13 11  3.6   38.47   25.59   32         5.1
 2002 MAY 21   20 53 30.8   36.57   24.31   97         5.1
 2002 OCT 12   05 58 54.0   35.00   26.31   21         5.1
 2004 AUG  4   14 18 47.7   36.98   27.69    5         5.1
 2004 DEC 20   23 02 13.7   37.01   28.28   19         5.1
 2006 AUG  6   07 49 43.2   40.21   19.49   14         5.1
 2007 JAN 28   17 32 23.7   34.90   22.75   34         5.1
 2007 SEP 23   00 54 29.6   35.27   27.12   24         5.1
 2007 NOV  9   01 43  4.2   38.77   25.77   37         5.1
 2008 MAR 28   00 16 21.8   35.01   25.33   50         5.1
 2008 MAY 10   20 53  4.2   36.30   22.24   57         5.1
 2008 JUN 18   01 58 42.9   37.67   22.78   83         5.1
 2009 MAY 24   16 17 50.5   41.30   22.74   23         5.1
 2010 JAN 22   00 46 56.2   38.42   21.97   12         5.1
 2010 JUL 16   08 11  1.9   36.81   26.91  165         5.1
 2010 JUL 16   18 53 10.6   39.32   24.02   34         5.1
 2010 OCT  3   15 20 56.3   34.78   26.52   17         5.1
 2010 DEC 17   09 37 47.9   36.94   24.00  106         5.1
 2011 NOV 23   12 17 48.2   34.12   25.03   10         5.1
 2013 APR  6   11 26  6.5   34.82   24.11   24         5.1
 2014 JAN 26   18 45  8.0   38.23   20.41   17         5.1
 2014 JUN 11   03 53 39.7   34.84   28.36   32         5.1
 2014 DEC  6   01 45  6.5   38.87   26.27   27         5.1
 2016 JUL 30   17 26 20.8   35.11   22.67   10         5.1
 2017 MAY 17   11 30 32.4   36.03   27.49   22         5.1
 2017 AUG  8   07 42 21.8   37.03   27.61    5         5.1
 2017 SEP  1   16 48 34.3   36.00   28.00   76         5.1
 1964 APR 24   03 49 58.0   38.00   21.80    0         5.0
 1965 FEB  9   20 38 46.0   37.75   20.50    0         5.0
 1965 MAR  2   22 00 15.0   38.50   27.50    0         5.0
 1966 JAN  2   23 12 16.9   37.80   23.10    0         5.0
 1967 MAY  1   09 50  0.6   39.70   20.90    0         5.0
 1968 FEB  7   22 22 21.0   36.60   26.80  150         5.0
 1968 JUL  4   21 47 51.0   37.70   23.20    0         5.0
 1968 DEC 21   00 36 35.0   36.70   27.00    0         5.0
 1969 APR 16   23 21  2.0   35.30   28.00    0         5.0
 1969 AUG  9   16 25 36.0   42.00   19.20    0         5.0
 1969 SEP  6   20 30 36.0   36.80   28.40    0         5.0
 1970 SEP  1   01 06 42.0   37.90   20.20    0         5.0
 1970 NOV 11   20 58 12.0   36.10   28.30    0         5.0
 1972 MAY  8   09 20 51.0   41.80   23.50    0         5.0
 1972 DEC  2   13 28 18.0   35.20   27.20    0         5.0
 1974 JUL  9   02 32  9.0   36.30   28.90    0         5.0
 1974 DEC 14   02 36 38.0   38.10   20.80    0         5.0
 1975 JAN  3   01 59 39.0   35.50   27.30    0         5.0
 1975 SEP 12   13 10 17.0   36.10   21.70    0         5.0
 1975 NOV 12   09 03 49.0   36.00   27.80    0         5.0
 1976 MAR  2   19 41 37.0   40.40   19.50    0         5.0
 1976 DEC 27   07 54 13.6   38.85   20.50   32         5.0
 1977 FEB 24   20 47 14.0   38.30   28.10   10         5.0
 1979 FEB 16   04 28 18.0   36.70   25.90    0         5.0
 1979 APR  9   02 10 23.0   41.80   19.20    0         5.0
 1980 JUL 10   19 39  1.0   39.30   22.90    0         5.0
 1981 MAY 27   15 03 57.0   38.80   20.70    0         5.0
 1981 MAY 27   15 25 50.0   38.80   20.90    0         5.0
 1981 JUN 30   15 09 21.0   37.90   20.00    0         5.0
 1983 MAR 16   21 19 39.1   38.79   20.81    9         5.0
 1983 MAY 14   23 13 48.0   38.41   20.44    5         5.0
 1983 SEP  8   22 04 54.3   37.61   20.95    5         5.0
 1985 JAN 16   23 36  3.5   40.53   19.39   41         5.0
 1985 SEP 27   16 39 53.6   34.71   26.61   36         5.0
 1987 MAY 29   18 40 33.2   37.53   21.60   29         5.0
 1987 JUN 10   14 50 11.6   37.17   21.46   12         5.0
 1988 MAY 22   03 44 15.9   38.35   20.54    1         5.0
 1988 SEP 22   12 05 40.4   37.99   21.11    1         5.0
 1988 NOV 20   21 01 12.1   35.49   28.80   32         5.0
 1989 APR 27   23 06 52.2   37.07   27.97    1         5.0
 1990 AUG 28   20 21 21.2   36.36   27.15    5         5.0
 1991 FEB 12   09 55  3.0   40.83   28.72   39         5.0
 1992 JAN 23   04 24 16.7   38.28   20.41    3         5.0
 1992 JUL 23   20 12 45.2   39.82   24.43   19         5.0
 1993 MAR 26   11 58 18.3   37.65   21.44    1         5.0
 1993 JUN 29   04 37 12.6   35.39   27.08    5         5.0
 1995 MAY  4   00 34 10.6   40.57   23.69    7         5.0
 1996 APR 12   15 39 11.6   36.62   27.09  156         5.0
 1997 NOV 18   15 23 32.4   37.25   21.16   16         5.0
 1998 MAR  9   11 21 21.7   36.04   28.49   54         5.0
 1999 APR 17   08 17 59.6   35.97   21.65   32         5.0
 1999 JUL 25   06 56 56.5   39.30   27.79   28         5.0
 2000 FEB 22   11 55 31.5   34.75   25.53   36         5.0
 2001 NOV 26   05 03 22.8   34.76   24.07   24         5.0
 2001 DEC  7   19 44 52.6   39.38   23.78   24         5.0
 2002 DEC  9   09 35  2.5   37.76   19.75    6         5.0
 2003 APR 17   22 34 22.5   38.19   26.90    5         5.0
 2003 APR 29   01 51 20.2   36.83   21.72   67         5.0
 2003 JUN  9   07 06 40.7   39.94   22.35   18         5.0
 2003 JUL 23   04 56  1.6   38.19   28.90    5         5.0
 2003 JUL 26   08 36 49.0   38.10   28.78    5         5.0
 2004 FEB  7   21 17 24.2   36.04   26.91   25         5.0
 2004 MAR  1   00 35 57.5   37.19   22.14   14         5.0
 2004 NOV  4   06 22 37.4   35.86   23.23   95         5.0
 2005 JAN 11   04 35 57.5   37.01   27.85   30         5.0
 2006 AUG  8   21 20  8.3   40.10   19.72   20         5.0
 2007 FEB  3   13 43 22.3   35.80   22.58   99         5.0
 2007 APR 16   07 38 47.9   41.46   19.68    8         5.0
 2008 FEB  4   22 15 37.3   38.09   21.94   25         5.0
 2008 MAR 19   23 01 52.4   38.92   24.17   35         5.0
 2008 JUN 12   00 20 45.6   35.11   26.19   29         5.0
 2008 JUL 30   05 02 56.0   38.02   20.12    9         5.0
 2008 AUG  4   19 38 22.8   33.89   26.56   32         5.0
 2009 JAN  8   12 04  0.0   41.94   20.74    2         5.0
 2009 JUN 26   20 37 37.5   36.53   25.49   28         5.0
 2010 JAN 17   20 16  4.1   35.26   27.86   29         5.0
 2010 NOV  3   02 51 26.7   40.44   26.17   31         5.0
 2011 JUL 19   07 13 12.2   37.21   19.92    9         5.0
 2012 FEB 14   01 34 38.7   40.13   24.09   24         5.0
 2012 MAR  4   03 31  7.8   40.13   24.05   24         5.0
 2013 FEB 17   03 12 52.7   37.16   20.52   15         5.0
 2013 JUN  6   11 53 46.4   36.74   21.86   39         5.0
 2014 AUG 22   04 27 53.0   39.92   23.46   29         5.0
 2014 NOV  8   23 15 42.2   38.10   20.44   18         5.0
 2016 SEP 28   07 17 34.1   36.73   21.87   56         5.0
 2017 OCT 11   22 49 44.4   39.11   24.23   12         5.0
